ObjectType = Image
NDims = 3
AnatomicalOrientation = RAI
BinaryData = True
CompressedData = False
DimSize = 0 0 6471
ElementSpacing = 1 1 1
Offset = 0 0 0
TransformMatrix = 1 0 0 0 1 0 0 0 1
ElementType = MET_UCHAR
Kinds = domain domain list
Seq_Frame0000_OTS_Data_Veri_1209Transform =0.648763 -0.760952 -0.00761207 -24.6968 0.760421 0.648632 -0.0321912 -139.666 0.0294334 0.0150961 0.999453 -5.74762 0 0 0 1 
Seq_Frame0000_OTS_Data_Veri_1209TransformStatus = OK
Seq_Frame0000_Timestamp = 0.0159998
Seq_Frame0001_OTS_Data_Veri_1209Transform =0.648763 -0.760952 -0.00761207 -24.6968 0.760421 0.648632 -0.0321912 -139.666 0.0294334 0.0150961 0.999453 -5.74762 0 0 0 1 
Seq_Frame0001_OTS_Data_Veri_1209TransformStatus = OK
Seq_Frame0001_Timestamp = 0.158
Seq_Frame0002_OTS_Data_Veri_1209Transform =0.648763 -0.760952 -0.00761207 -24.6968 0.760421 0.648632 -0.0321912 -139.666 0.0294334 0.0150961 0.999453 -5.74762 0 0 0 1 
Seq_Frame0002_OTS_Data_Veri_1209TransformStatus = OK
Seq_Frame0002_Timestamp = 0.293
Seq_Frame0003_OTS_Data_Veri_1209Transform =0.648763 -0.760952 -0.00761207 -24.6968 0.760421 0.648632 -0.0321912 -139.666 0.0294334 0.0150961 0.999453 -5.74762 0 0 0 1 
Seq_Frame0003_OTS_Data_Veri_1209TransformStatus = OK
Seq_Frame0003_Timestamp = 0.423
Seq_Frame0004_OTS_Data_Veri_1209Transform =0.648763 -0.760952 -0.00761207 -24.6968 0.760421 0.648632 -0.0321912 -139.666 0.0294334 0.0150961 0.999453 -5.74762 0 0 0 1 
Seq_Frame0004_OTS_Data_Veri_1209TransformStatus = OK
Seq_Frame0004_Timestamp = 0.568
Seq_Frame0005_OTS_Data_Veri_1209Transform =0.648763 -0.760952 -0.00761207 -24.6968 0.760421 0.648632 -0.0321912 -139.666 0.0294334 0.0150961 0.999453 -5.74762 0 0 0 1 
Seq_Frame0005_OTS_Data_Veri_1209TransformStatus = OK
Seq_Frame0005_Timestamp = 0.703
Seq_Frame0006_OTS_Data_Veri_1209Transform =0.648763 -0.760952 -0.00761207 -24.6968 0.760421 0.648632 -0.0321912 -139.666 0.0294334 0.0150961 0.999453 -5.74762 0 0 0 1 
Seq_Frame0006_OTS_Data_Veri_1209TransformStatus = OK
Seq_Frame0006_Timestamp = 0.843
Seq_Frame0007_OTS_Data_Veri_1209Transform =0.648763 -0.760952 -0.00761207 -24.6968 0.760421 0.648632 -0.0321912 -139.666 0.0294334 0.0150961 0.999453 -5.74762 0 0 0 1 
Seq_Frame0007_OTS_Data_Veri_1209TransformStatus = OK
Seq_Frame0007_Timestamp = 0.975
Seq_Frame0008_OTS_Data_Veri_1209Transform =0.648763 -0.760952 -0.00761207 -24.6968 0.760421 0.648632 -0.0321912 -139.666 0.0294334 0.0150961 0.999453 -5.74762 0 0 0 1 
Seq_Frame0008_OTS_Data_Veri_1209TransformStatus = OK
Seq_Frame0008_Timestamp = 1.118
Seq_Frame0009_OTS_Data_Veri_1209Transform =0.648763 -0.760952 -0.00761207 -24.6968 0.760421 0.648632 -0.0321912 -139.666 0.0294334 0.0150961 0.999453 -5.74762 0 0 0 1 
Seq_Frame0009_OTS_Data_Veri_1209TransformStatus = OK
Seq_Frame0009_Timestamp = 1.258
Seq_Frame0010_OTS_Data_Veri_1209Transform =0.648763 -0.760952 -0.00761207 -24.6968 0.760421 0.648632 -0.0321912 -139.666 0.0294334 0.0150961 0.999453 -5.74762 0 0 0 1 
Seq_Frame0010_OTS_Data_Veri_1209TransformStatus = OK
Seq_Frame0010_Timestamp = 1.393
Seq_Frame0011_OTS_Data_Veri_1209Transform =0.648763 -0.760952 -0.00761207 -24.6968 0.760421 0.648632 -0.0321912 -139.666 0.0294334 0.0150961 0.999453 -5.74762 0 0 0 1 
Seq_Frame0011_OTS_Data_Veri_1209TransformStatus = OK
Seq_Frame0011_Timestamp = 1.528
Seq_Frame0012_OTS_Data_Veri_1209Transform =0.895929 -0.444031 0.0121526 -48.7274 0.444151 0.895897 -0.00996591 -104.79 -0.00646226 0.0143263 0.999876 -1.68471 0 0 0 1 
Seq_Frame0012_OTS_Data_Veri_1209TransformStatus = OK
Seq_Frame0012_Timestamp = 1.711
Seq_Frame0013_OTS_Data_Veri_1209Transform =0.895929 -0.444031 0.0121526 -48.7274 0.444151 0.895897 -0.00996591 -104.79 -0.00646226 0.0143263 0.999876 -1.68471 0 0 0 1 
Seq_Frame0013_OTS_Data_Veri_1209TransformStatus = OK
Seq_Frame0013_Timestamp = 1.853
Seq_Frame0014_OTS_Data_Veri_1209Transform =0.895929 -0.444031 0.0121526 -48.7274 0.444151 0.895897 -0.00996591 -104.79 -0.00646226 0.0143263 0.999876 -1.68471 0 0 0 1 
Seq_Frame0014_OTS_Data_Veri_1209TransformStatus = OK
Seq_Frame0014_Timestamp = 1.988
Seq_Frame0015_OTS_Data_Veri_1209Transform =0.640216 -0.768171 -0.00606734 -23.4871 0.767316 0.639841 -0.0427736 -140.67 0.0367396 0.0227288 0.999066 -6.87115 0 0 0 1 
Seq_Frame0015_OTS_Data_Veri_1209TransformStatus = OK
Seq_Frame0015_Timestamp = 2.091
Seq_Frame0016_OTS_Data_Veri_1209Transform =0.640216 -0.768171 -0.00606734 -23.4871 0.767316 0.639841 -0.0427736 -140.67 0.0367396 0.0227288 0.999066 -6.87115 0 0 0 1 
Seq_Frame0016_OTS_Data_Veri_1209TransformStatus = OK
Seq_Frame0016_Timestamp = 2.223
Seq_Frame0017_OTS_Data_Veri_1209Transform =0.496484 -0.86802 -0.00673359 -7.47998 0.866969 0.49624 -0.0459329 -150.967 0.0432121 0.0169672 0.998922 -7.73813 0 0 0 1 
Seq_Frame0017_OTS_Data_Veri_1209TransformStatus = OK
Seq_Frame0017_Timestamp = 2.358
Seq_Frame0018_OTS_Data_Veri_1209Transform =0.408088 -0.912897 -0.00913042 2.40695 0.91158 0.408005 -0.0505421 -155.319 0.049865 0.0123025 0.99868 -7.8194 0 0 0 1 
Seq_Frame0018_OTS_Data_Veri_1209TransformStatus = OK
Seq_Frame0018_Timestamp = 2.498
Seq_Frame0019_OTS_Data_Veri_1209Transform =0.346702 -0.937844 -0.0157051 9.26856 0.93627 0.347032 -0.0544746 -157.511 0.0565388 0.00418221 0.998392 -8.46974 0 0 0 1 
Seq_Frame0019_OTS_Data_Veri_1209TransformStatus = OK
Seq_Frame0019_Timestamp = 2.61
Seq_Frame0020_OTS_Data_Veri_1209Transform =0.346702 -0.937844 -0.0157051 9.26856 0.93627 0.347032 -0.0544746 -157.511 0.0565388 0.00418221 0.998392 -8.46974 0 0 0 1 
Seq_Frame0020_OTS_Data_Veri_1209TransformStatus = OK
Seq_Frame0020_Timestamp = 2.733
Seq_Frame0021_OTS_Data_Veri_1209Transform =0.394909 -0.918633 -0.0126408 3.84646 0.91698 0.39497 -0.0561 -155.236 0.0565281 0.0105631 0.998345 -8.85394 0 0 0 1 
Seq_Frame0021_OTS_Data_Veri_1209TransformStatus = OK
Seq_Frame0021_Timestamp = 2.834
Seq_Frame0022_OTS_Data_Veri_1209Transform =0.394909 -0.918633 -0.0126408 3.84646 0.91698 0.39497 -0.0561 -155.236 0.0565281 0.0105631 0.998345 -8.85394 0 0 0 1 
Seq_Frame0022_OTS_Data_Veri_1209TransformStatus = OK
Seq_Frame0022_Timestamp = 2.953
Seq_Frame0023_OTS_Data_Veri_1209Transform =0.450835 -0.892468 -0.0157632 -2.44302 0.890396 0.45089 -0.0624022 -151.939 0.0627995 0.0140976 0.997927 -9.05784 0 0 0 1 
Seq_Frame0023_OTS_Data_Veri_1209TransformStatus = OK
Seq_Frame0023_Timestamp = 3.093
Seq_Frame0024_OTS_Data_Veri_1209Transform =0.481335 -0.876368 -0.017198 -5.88298 0.874078 0.481361 -0.0654195 -149.976 0.06561 0.0164563 0.99771 -8.93295 0 0 0 1 
Seq_Frame0024_OTS_Data_Veri_1209TransformStatus = OK
Seq_Frame0024_Timestamp = 3.234
Seq_Frame0025_OTS_Data_Veri_1209Transform =0.492015 -0.870467 -0.0144096 -7.05163 0.86805 0.491777 -0.0681483 -149.316 0.0664072 0.0210217 0.997571 -8.96376 0 0 0 1 
Seq_Frame0025_OTS_Data_Veri_1209TransformStatus = OK
Seq_Frame0025_Timestamp = 3.347
Seq_Frame0026_OTS_Data_Veri_1209Transform =0.492015 -0.870467 -0.0144096 -7.05163 0.86805 0.491777 -0.0681483 -149.316 0.0664072 0.0210217 0.997571 -8.96376 0 0 0 1 
Seq_Frame0026_OTS_Data_Veri_1209TransformStatus = OK
Seq_Frame0026_Timestamp = 3.463
Seq_Frame0027_OTS_Data_Veri_1209Transform =0.520889 -0.853559 -0.0105714 -10.0991 0.851445 0.520403 -0.0649817 -147.313 0.0609671 0.0248473 0.99783 -8.68429 0 0 0 1 
Seq_Frame0027_OTS_Data_Veri_1209TransformStatus = OK
Seq_Frame0027_Timestamp = 3.619
Seq_Frame0028_OTS_Data_Veri_1209Transform =0.520889 -0.853559 -0.0105714 -10.0991 0.851445 0.520403 -0.0649817 -147.313 0.0609671 0.0248473 0.99783 -8.68429 0 0 0 1 
Seq_Frame0028_OTS_Data_Veri_1209TransformStatus = OK
Seq_Frame0028_Timestamp = 3.743
Seq_Frame0029_OTS_Data_Veri_1209Transform =0.520889 -0.853559 -0.0105714 -10.0991 0.851445 0.520403 -0.0649817 -147.313 0.0609671 0.0248473 0.99783 -8.68429 0 0 0 1 
Seq_Frame0029_OTS_Data_Veri_1209TransformStatus = OK
Seq_Frame0029_Timestamp = 3.878
Seq_Frame0030_OTS_Data_Veri_1209Transform =0.520889 -0.853559 -0.0105714 -10.0991 0.851445 0.520403 -0.0649817 -147.313 0.0609671 0.0248473 0.99783 -8.68429 0 0 0 1 
Seq_Frame0030_OTS_Data_Veri_1209TransformStatus = OK
Seq_Frame0030_Timestamp = 4.018
Seq_Frame0031_OTS_Data_Veri_1209Transform =0.520889 -0.853559 -0.0105714 -10.0991 0.851445 0.520403 -0.0649817 -147.313 0.0609671 0.0248473 0.99783 -8.68429 0 0 0 1 
Seq_Frame0031_OTS_Data_Veri_1209TransformStatus = OK
Seq_Frame0031_Timestamp = 4.153
Seq_Frame0032_OTS_Data_Veri_1209Transform =0.520889 -0.853559 -0.0105714 -10.0991 0.851445 0.520403 -0.0649817 -147.313 0.0609671 0.0248473 0.99783 -8.68429 0 0 0 1 
Seq_Frame0032_OTS_Data_Veri_1209TransformStatus = OK
Seq_Frame0032_Timestamp = 4.293
Seq_Frame0033_OTS_Data_Veri_1209Transform =0.520889 -0.853559 -0.0105714 -10.0991 0.851445 0.520403 -0.0649817 -147.313 0.0609671 0.0248473 0.99783 -8.68429 0 0 0 1 
Seq_Frame0033_OTS_Data_Veri_1209TransformStatus = OK
Seq_Frame0033_Timestamp = 4.428
Seq_Frame0034_OTS_Data_Veri_1209Transform =0.520889 -0.853559 -0.0105714 -10.0991 0.851445 0.520403 -0.0649817 -147.313 0.0609671 0.0248473 0.99783 -8.68429 0 0 0 1 
Seq_Frame0034_OTS_Data_Veri_1209TransformStatus = OK
Seq_Frame0034_Timestamp = 4.568
Seq_Frame0035_OTS_Data_Veri_1209Transform =0.520889 -0.853559 -0.0105714 -10.0991 0.851445 0.520403 -0.0649817 -147.313 0.0609671 0.0248473 0.99783 -8.68429 0 0 0 1 
Seq_Frame0035_OTS_Data_Veri_1209TransformStatus = OK
Seq_Frame0035_Timestamp = 4.703
Seq_Frame0036_OTS_Data_Veri_1209Transform =0.520889 -0.853559 -0.0105714 -10.0991 0.851445 0.520403 -0.0649817 -147.313 0.0609671 0.0248473 0.99783 -8.68429 0 0 0 1 
Seq_Frame0036_OTS_Data_Veri_1209TransformStatus = OK
Seq_Frame0036_Timestamp = 4.804
Seq_Frame0037_OTS_Data_Veri_1209Transform =0.520889 -0.853559 -0.0105714 -10.0991 0.851445 0.520403 -0.0649817 -147.313 0.0609671 0.0248473 0.99783 -8.68429 0 0 0 1 
Seq_Frame0037_OTS_Data_Veri_1209TransformStatus = OK
Seq_Frame0037_Timestamp = 4.933
Seq_Frame0038_OTS_Data_Veri_1209Transform =0.520889 -0.853559 -0.0105714 -10.0991 0.851445 0.520403 -0.0649817 -147.313 0.0609671 0.0248473 0.99783 -8.68429 0 0 0 1 
Seq_Frame0038_OTS_Data_Veri_1209TransformStatus = OK
Seq_Frame0038_Timestamp = 5.073
Seq_Frame0039_OTS_Data_Veri_1209Transform =0.520889 -0.853559 -0.0105714 -10.0991 0.851445 0.520403 -0.0649817 -147.313 0.0609671 0.0248473 0.99783 -8.68429 0 0 0 1 
Seq_Frame0039_OTS_Data_Veri_1209TransformStatus = OK
Seq_Frame0039_Timestamp = 5.253
Seq_Frame0040_OTS_Data_Veri_1209Transform =0.520889 -0.853559 -0.0105714 -10.0991 0.851445 0.520403 -0.0649817 -147.313 0.0609671 0.0248473 0.99783 -8.68429 0 0 0 1 
Seq_Frame0040_OTS_Data_Veri_1209TransformStatus = OK
Seq_Frame0040_Timestamp = 5.398
Seq_Frame0041_OTS_Data_Veri_1209Transform =0.520889 -0.853559 -0.0105714 -10.0991 0.851445 0.520403 -0.0649817 -147.313 0.0609671 0.0248473 0.99783 -8.68429 0 0 0 1 
Seq_Frame0041_OTS_Data_Veri_1209TransformStatus = OK
Seq_Frame0041_Timestamp = 5.533
Seq_Frame0042_OTS_Data_Veri_1209Transform =0.520889 -0.853559 -0.0105714 -10.0991 0.851445 0.520403 -0.0649817 -147.313 0.0609671 0.0248473 0.99783 -8.68429 0 0 0 1 
Seq_Frame0042_OTS_Data_Veri_1209TransformStatus = OK
Seq_Frame0042_Timestamp = 5.673
Seq_Frame0043_OTS_Data_Veri_1209Transform =0.520889 -0.853559 -0.0105714 -10.0991 0.851445 0.520403 -0.0649817 -147.313 0.0609671 0.0248473 0.99783 -8.68429 0 0 0 1 
Seq_Frame0043_OTS_Data_Veri_1209TransformStatus = OK
Seq_Frame0043_Timestamp = 5.818
Seq_Frame0044_OTS_Data_Veri_1209Transform =0.520889 -0.853559 -0.0105714 -10.0991 0.851445 0.520403 -0.0649817 -147.313 0.0609671 0.0248473 0.99783 -8.68429 0 0 0 1 
Seq_Frame0044_OTS_Data_Veri_1209TransformStatus = OK
Seq_Frame0044_Timestamp = 5.949
Seq_Frame0045_OTS_Data_Veri_1209Transform =0.648763 -0.760952 -0.00761207 -24.6968 0.760421 0.648632 -0.0321912 -139.666 0.0294334 0.0150961 0.999453 -5.74762 0 0 0 1 
Seq_Frame0045_OTS_Data_Veri_1209TransformStatus = OK
Seq_Frame0045_Timestamp = 5.957
Seq_Frame0046_OTS_Data_Veri_1209Transform =0.648763 -0.760952 -0.00761207 -24.6968 0.760421 0.648632 -0.0321912 -139.666 0.0294334 0.0150961 0.999453 -5.74762 0 0 0 1 
Seq_Frame0046_OTS_Data_Veri_1209TransformStatus = OK
Seq_Frame0046_Timestamp = 6.01
Seq_Frame0047_OTS_Data_Veri_1209Transform =0.648763 -0.760952 -0.00761207 -24.6968 0.760421 0.648632 -0.0321912 -139.666 0.0294334 0.0150961 0.999453 -5.74762 0 0 0 1 
Seq_Frame0047_OTS_Data_Veri_1209TransformStatus = OK
Seq_Frame0047_Timestamp = 6.059
Seq_Frame0048_OTS_Data_Veri_1209Transform =0.648763 -0.760952 -0.00761207 -24.6968 0.760421 0.648632 -0.0321912 -139.666 0.0294334 0.0150961 0.999453 -5.74762 0 0 0 1 
Seq_Frame0048_OTS_Data_Veri_1209TransformStatus = OK
Seq_Frame0048_Timestamp = 6.105
Seq_Frame0049_OTS_Data_Veri_1209Transform =0.648763 -0.760952 -0.00761207 -24.6968 0.760421 0.648632 -0.0321912 -139.666 0.0294334 0.0150961 0.999453 -5.74762 0 0 0 1 
Seq_Frame0049_OTS_Data_Veri_1209TransformStatus = OK
Seq_Frame0049_Timestamp = 6.159
Seq_Frame0050_OTS_Data_Veri_1209Transform =0.648763 -0.760952 -0.00761207 -24.6968 0.760421 0.648632 -0.0321912 -139.666 0.0294334 0.0150961 0.999453 -5.74762 0 0 0 1 
Seq_Frame0050_OTS_Data_Veri_1209TransformStatus = OK
Seq_Frame0050_Timestamp = 6.209
Seq_Frame0051_OTS_Data_Veri_1209Transform =0.648763 -0.760952 -0.00761207 -24.6968 0.760421 0.648632 -0.0321912 -139.666 0.0294334 0.0150961 0.999453 -5.74762 0 0 0 1 
Seq_Frame0051_OTS_Data_Veri_1209TransformStatus = OK
Seq_Frame0051_Timestamp = 6.279
Seq_Frame0052_OTS_Data_Veri_1209Transform =0.648763 -0.760952 -0.00761207 -24.6968 0.760421 0.648632 -0.0321912 -139.666 0.0294334 0.0150961 0.999453 -5.74762 0 0 0 1 
Seq_Frame0052_OTS_Data_Veri_1209TransformStatus = OK
Seq_Frame0052_Timestamp = 6.326
Seq_Frame0053_OTS_Data_Veri_1209Transform =0.648763 -0.760952 -0.00761207 -24.6968 0.760421 0.648632 -0.0321912 -139.666 0.0294334 0.0150961 0.999453 -5.74762 0 0 0 1 
Seq_Frame0053_OTS_Data_Veri_1209TransformStatus = OK
Seq_Frame0053_Timestamp = 6.376
Seq_Frame0054_OTS_Data_Veri_1209Transform =0.648763 -0.760952 -0.00761207 -24.6968 0.760421 0.648632 -0.0321912 -139.666 0.0294334 0.0150961 0.999453 -5.74762 0 0 0 1 
Seq_Frame0054_OTS_Data_Veri_1209TransformStatus = OK
Seq_Frame0054_Timestamp = 6.425
Seq_Frame0055_OTS_Data_Veri_1209Transform =0.648763 -0.760952 -0.00761207 -24.6968 0.760421 0.648632 -0.0321912 -139.666 0.0294334 0.0150961 0.999453 -5.74762 0 0 0 1 
Seq_Frame0055_OTS_Data_Veri_1209TransformStatus = OK
Seq_Frame0055_Timestamp = 6.464
Seq_Frame0056_OTS_Data_Veri_1209Transform =0.648763 -0.760952 -0.00761207 -24.6968 0.760421 0.648632 -0.0321912 -139.666 0.0294334 0.0150961 0.999453 -5.74762 0 0 0 1 
Seq_Frame0056_OTS_Data_Veri_1209TransformStatus = OK
Seq_Frame0056_Timestamp = 6.514
Seq_Frame0057_OTS_Data_Veri_1209Transform =0.648763 -0.760952 -0.00761207 -24.6968 0.760421 0.648632 -0.0321912 -139.666 0.0294334 0.0150961 0.999453 -5.74762 0 0 0 1 
Seq_Frame0057_OTS_Data_Veri_1209TransformStatus = OK
Seq_Frame0057_Timestamp = 6.575
Seq_Frame0058_OTS_Data_Veri_1209Transform =0.648763 -0.760952 -0.00761207 -24.6968 0.760421 0.648632 -0.0321912 -139.666 0.0294334 0.0150961 0.999453 -5.74762 0 0 0 1 
Seq_Frame0058_OTS_Data_Veri_1209TransformStatus = OK
Seq_Frame0058_Timestamp = 6.615
Seq_Frame0059_OTS_Data_Veri_1209Transform =0.648763 -0.760952 -0.00761207 -24.6968 0.760421 0.648632 -0.0321912 -139.666 0.0294334 0.0150961 0.999453 -5.74762 0 0 0 1 
Seq_Frame0059_OTS_Data_Veri_1209TransformStatus = OK
Seq_Frame0059_Timestamp = 6.644
Seq_Frame0060_OTS_Data_Veri_1209Transform =0.648763 -0.760952 -0.00761207 -24.6968 0.760421 0.648632 -0.0321912 -139.666 0.0294334 0.0150961 0.999453 -5.74762 0 0 0 1 
Seq_Frame0060_OTS_Data_Veri_1209TransformStatus = OK
Seq_Frame0060_Timestamp = 6.692
Seq_Frame0061_OTS_Data_Veri_1209Transform =0.648763 -0.760952 -0.00761207 -24.6968 0.760421 0.648632 -0.0321912 -139.666 0.0294334 0.0150961 0.999453 -5.74762 0 0 0 1 
Seq_Frame0061_OTS_Data_Veri_1209TransformStatus = OK
Seq_Frame0061_Timestamp = 6.742
Seq_Frame0062_OTS_Data_Veri_1209Transform =0.648763 -0.760952 -0.00761207 -24.6968 0.760421 0.648632 -0.0321912 -139.666 0.0294334 0.0150961 0.999453 -5.74762 0 0 0 1 
Seq_Frame0062_OTS_Data_Veri_1209TransformStatus = OK
Seq_Frame0062_Timestamp = 6.793
Seq_Frame0063_OTS_Data_Veri_1209Transform =0.648763 -0.760952 -0.00761207 -24.6968 0.760421 0.648632 -0.0321912 -139.666 0.0294334 0.0150961 0.999453 -5.74762 0 0 0 1 
Seq_Frame0063_OTS_Data_Veri_1209TransformStatus = OK
Seq_Frame0063_Timestamp = 6.842
Seq_Frame0064_OTS_Data_Veri_1209Transform =0.648763 -0.760952 -0.00761207 -24.6968 0.760421 0.648632 -0.0321912 -139.666 0.0294334 0.0150961 0.999453 -5.74762 0 0 0 1 
Seq_Frame0064_OTS_Data_Veri_1209TransformStatus = OK
Seq_Frame0064_Timestamp = 6.891
Seq_Frame0065_OTS_Data_Veri_1209Transform =0.648763 -0.760952 -0.00761207 -24.6968 0.760421 0.648632 -0.0321912 -139.666 0.0294334 0.0150961 0.999453 -5.74762 0 0 0 1 
Seq_Frame0065_OTS_Data_Veri_1209TransformStatus = OK
Seq_Frame0065_Timestamp = 6.96
Seq_Frame0066_OTS_Data_Veri_1209Transform =0.648763 -0.760952 -0.00761207 -24.6968 0.760421 0.648632 -0.0321912 -139.666 0.0294334 0.0150961 0.999453 -5.74762 0 0 0 1 
Seq_Frame0066_OTS_Data_Veri_1209TransformStatus = OK
Seq_Frame0066_Timestamp = 7.016
Seq_Frame0067_OTS_Data_Veri_1209Transform =0.648763 -0.760952 -0.00761207 -24.6968 0.760421 0.648632 -0.0321912 -139.666 0.0294334 0.0150961 0.999453 -5.74762 0 0 0 1 
Seq_Frame0067_OTS_Data_Veri_1209TransformStatus = OK
Seq_Frame0067_Timestamp = 7.075
Seq_Frame0068_OTS_Data_Veri_1209Transform =0.648763 -0.760952 -0.00761207 -24.6968 0.760421 0.648632 -0.0321912 -139.666 0.0294334 0.0150961 0.999453 -5.74762 0 0 0 1 
Seq_Frame0068_OTS_Data_Veri_1209TransformStatus = OK
Seq_Frame0068_Timestamp = 7.12
Seq_Frame0069_OTS_Data_Veri_1209Transform =0.648763 -0.760952 -0.00761207 -24.6968 0.760421 0.648632 -0.0321912 -139.666 0.0294334 0.0150961 0.999453 -5.74762 0 0 0 1 
Seq_Frame0069_OTS_Data_Veri_1209TransformStatus = OK
Seq_Frame0069_Timestamp = 7.147
Seq_Frame0070_OTS_Data_Veri_1209Transform =0.648763 -0.760952 -0.00761207 -24.6968 0.760421 0.648632 -0.0321912 -139.666 0.0294334 0.0150961 0.999453 -5.74762 0 0 0 1 
Seq_Frame0070_OTS_Data_Veri_1209TransformStatus = OK
Seq_Frame0070_Timestamp = 7.208
Seq_Frame0071_OTS_Data_Veri_1209Transform =0.648763 -0.760952 -0.00761207 -24.6968 0.760421 0.648632 -0.0321912 -139.666 0.0294334 0.0150961 0.999453 -5.74762 0 0 0 1 
Seq_Frame0071_OTS_Data_Veri_1209TransformStatus = OK
Seq_Frame0071_Timestamp = 7.258
Seq_Frame0072_OTS_Data_Veri_1209Transform =0.648763 -0.760952 -0.00761207 -24.6968 0.760421 0.648632 -0.0321912 -139.666 0.0294334 0.0150961 0.999453 -5.74762 0 0 0 1 
Seq_Frame0072_OTS_Data_Veri_1209TransformStatus = OK
Seq_Frame0072_Timestamp = 7.309
Seq_Frame0073_OTS_Data_Veri_1209Transform =0.648763 -0.760952 -0.00761207 -24.6968 0.760421 0.648632 -0.0321912 -139.666 0.0294334 0.0150961 0.999453 -5.74762 0 0 0 1 
Seq_Frame0073_OTS_Data_Veri_1209TransformStatus = OK
Seq_Frame0073_Timestamp = 7.359
Seq_Frame0074_OTS_Data_Veri_1209Transform =0.648763 -0.760952 -0.00761207 -24.6968 0.760421 0.648632 -0.0321912 -139.666 0.0294334 0.0150961 0.999453 -5.74762 0 0 0 1 
Seq_Frame0074_OTS_Data_Veri_1209TransformStatus = OK
Seq_Frame0074_Timestamp = 7.422
Seq_Frame0075_OTS_Data_Veri_1209Transform =0.648763 -0.760952 -0.00761207 -24.6968 0.760421 0.648632 -0.0321912 -139.666 0.0294334 0.0150961 0.999453 -5.74762 0 0 0 1 
Seq_Frame0075_OTS_Data_Veri_1209TransformStatus = OK
Seq_Frame0075_Timestamp = 7.475
Seq_Frame0076_OTS_Data_Veri_1209Transform =0.648763 -0.760952 -0.00761207 -24.6968 0.760421 0.648632 -0.0321912 -139.666 0.0294334 0.0150961 0.999453 -5.74762 0 0 0 1 
Seq_Frame0076_OTS_Data_Veri_1209TransformStatus = OK
Seq_Frame0076_Timestamp = 7.52
Seq_Frame0077_OTS_Data_Veri_1209Transform =0.648763 -0.760952 -0.00761207 -24.6968 0.760421 0.648632 -0.0321912 -139.666 0.0294334 0.0150961 0.999453 -5.74762 0 0 0 1 
Seq_Frame0077_OTS_Data_Veri_1209TransformStatus = OK
Seq_Frame0077_Timestamp = 7.584
Seq_Frame0078_OTS_Data_Veri_1209Transform =0.648763 -0.760952 -0.00761207 -24.6968 0.760421 0.648632 -0.0321912 -139.666 0.0294334 0.0150961 0.999453 -5.74762 0 0 0 1 
Seq_Frame0078_OTS_Data_Veri_1209TransformStatus = OK
Seq_Frame0078_Timestamp = 7.606
Seq_Frame0079_OTS_Data_Veri_1209Transform =0.648763 -0.760952 -0.00761207 -24.6968 0.760421 0.648632 -0.0321912 -139.666 0.0294334 0.0150961 0.999453 -5.74762 0 0 0 1 
Seq_Frame0079_OTS_Data_Veri_1209TransformStatus = OK
Seq_Frame0079_Timestamp = 7.661
Seq_Frame0080_OTS_Data_Veri_1209Transform =0.648763 -0.760952 -0.00761207 -24.6968 0.760421 0.648632 -0.0321912 -139.666 0.0294334 0.0150961 0.999453 -5.74762 0 0 0 1 
Seq_Frame0080_OTS_Data_Veri_1209TransformStatus = OK
Seq_Frame0080_Timestamp = 7.709
Seq_Frame0081_OTS_Data_Veri_1209Transform =0.648763 -0.760952 -0.00761207 -24.6968 0.760421 0.648632 -0.0321912 -139.666 0.0294334 0.0150961 0.999453 -5.74762 0 0 0 1 
Seq_Frame0081_OTS_Data_Veri_1209TransformStatus = OK
Seq_Frame0081_Timestamp = 7.758
Seq_Frame0082_OTS_Data_Veri_1209Transform =0.648763 -0.760952 -0.00761207 -24.6968 0.760421 0.648632 -0.0321912 -139.666 0.0294334 0.0150961 0.999453 -5.74762 0 0 0 1 
Seq_Frame0082_OTS_Data_Veri_1209TransformStatus = OK
Seq_Frame0082_Timestamp = 7.809
Seq_Frame0083_OTS_Data_Veri_1209Transform =0.648763 -0.760952 -0.00761207 -24.6968 0.760421 0.648632 -0.0321912 -139.666 0.0294334 0.0150961 0.999453 -5.74762 0 0 0 1 
Seq_Frame0083_OTS_Data_Veri_1209TransformStatus = OK
Seq_Frame0083_Timestamp = 7.858
Seq_Frame0084_OTS_Data_Veri_1209Transform =0.648763 -0.760952 -0.00761207 -24.6968 0.760421 0.648632 -0.0321912 -139.666 0.0294334 0.0150961 0.999453 -5.74762 0 0 0 1 
Seq_Frame0084_OTS_Data_Veri_1209TransformStatus = OK
Seq_Frame0084_Timestamp = 7.909
Seq_Frame0085_OTS_Data_Veri_1209Transform =0.648763 -0.760952 -0.00761207 -24.6968 0.760421 0.648632 -0.0321912 -139.666 0.0294334 0.0150961 0.999453 -5.74762 0 0 0 1 
Seq_Frame0085_OTS_Data_Veri_1209TransformStatus = OK
Seq_Frame0085_Timestamp = 7.942
Seq_Frame0086_OTS_Data_Veri_1209Transform =0.648763 -0.760952 -0.00761207 -24.6968 0.760421 0.648632 -0.0321912 -139.666 0.0294334 0.0150961 0.999453 -5.74762 0 0 0 1 
Seq_Frame0086_OTS_Data_Veri_1209TransformStatus = OK
Seq_Frame0086_Timestamp = 7.969
Seq_Frame0087_OTS_Data_Veri_1209Transform =0.648763 -0.760952 -0.00761207 -24.6968 0.760421 0.648632 -0.0321912 -139.666 0.0294334 0.0150961 0.999453 -5.74762 0 0 0 1 
Seq_Frame0087_OTS_Data_Veri_1209TransformStatus = OK
Seq_Frame0087_Timestamp = 8.026
Seq_Frame0088_OTS_Data_Veri_1209Transform =0.648763 -0.760952 -0.00761207 -24.6968 0.760421 0.648632 -0.0321912 -139.666 0.0294334 0.0150961 0.999453 -5.74762 0 0 0 1 
Seq_Frame0088_OTS_Data_Veri_1209TransformStatus = OK
Seq_Frame0088_Timestamp = 8.076
Seq_Frame0089_OTS_Data_Veri_1209Transform =0.648763 -0.760952 -0.00761207 -24.6968 0.760421 0.648632 -0.0321912 -139.666 0.0294334 0.0150961 0.999453 -5.74762 0 0 0 1 
Seq_Frame0089_OTS_Data_Veri_1209TransformStatus = OK
Seq_Frame0089_Timestamp = 8.125
Seq_Frame0090_OTS_Data_Veri_1209Transform =0.648763 -0.760952 -0.00761207 -24.6968 0.760421 0.648632 -0.0321912 -139.666 0.0294334 0.0150961 0.999453 -5.74762 0 0 0 1 
Seq_Frame0090_OTS_Data_Veri_1209TransformStatus = OK
Seq_Frame0090_Timestamp = 8.165
Seq_Frame0091_OTS_Data_Veri_1209Transform =0.648763 -0.760952 -0.00761207 -24.6968 0.760421 0.648632 -0.0321912 -139.666 0.0294334 0.0150961 0.999453 -5.74762 0 0 0 1 
Seq_Frame0091_OTS_Data_Veri_1209TransformStatus = OK
Seq_Frame0091_Timestamp = 8.214
Seq_Frame0092_OTS_Data_Veri_1209Transform =0.648763 -0.760952 -0.00761207 -24.6968 0.760421 0.648632 -0.0321912 -139.666 0.0294334 0.0150961 0.999453 -5.74762 0 0 0 1 
Seq_Frame0092_OTS_Data_Veri_1209TransformStatus = OK
Seq_Frame0092_Timestamp = 8.306
Seq_Frame0093_OTS_Data_Veri_1209Transform =0.648763 -0.760952 -0.00761207 -24.6968 0.760421 0.648632 -0.0321912 -139.666 0.0294334 0.0150961 0.999453 -5.74762 0 0 0 1 
Seq_Frame0093_OTS_Data_Veri_1209TransformStatus = OK
Seq_Frame0093_Timestamp = 8.358
Seq_Frame0094_OTS_Data_Veri_1209Transform =0.648763 -0.760952 -0.00761207 -24.6968 0.760421 0.648632 -0.0321912 -139.666 0.0294334 0.0150961 0.999453 -5.74762 0 0 0 1 
Seq_Frame0094_OTS_Data_Veri_1209TransformStatus = OK
Seq_Frame0094_Timestamp = 8.408
Seq_Frame0095_OTS_Data_Veri_1209Transform =0.648763 -0.760952 -0.00761207 -24.6968 0.760421 0.648632 -0.0321912 -139.666 0.0294334 0.0150961 0.999453 -5.74762 0 0 0 1 
Seq_Frame0095_OTS_Data_Veri_1209TransformStatus = OK
Seq_Frame0095_Timestamp = 8.458
Seq_Frame0096_OTS_Data_Veri_1209Transform =0.648763 -0.760952 -0.00761207 -24.6968 0.760421 0.648632 -0.0321912 -139.666 0.0294334 0.0150961 0.999453 -5.74762 0 0 0 1 
Seq_Frame0096_OTS_Data_Veri_1209TransformStatus = OK
Seq_Frame0096_Timestamp = 8.51
Seq_Frame0097_OTS_Data_Veri_1209Transform =0.648763 -0.760952 -0.00761207 -24.6968 0.760421 0.648632 -0.0321912 -139.666 0.0294334 0.0150961 0.999453 -5.74762 0 0 0 1 
Seq_Frame0097_OTS_Data_Veri_1209TransformStatus = OK
Seq_Frame0097_Timestamp = 8.578
Seq_Frame0098_OTS_Data_Veri_1209Transform =0.648763 -0.760952 -0.00761207 -24.6968 0.760421 0.648632 -0.0321912 -139.666 0.0294334 0.0150961 0.999453 -5.74762 0 0 0 1 
Seq_Frame0098_OTS_Data_Veri_1209TransformStatus = OK
Seq_Frame0098_Timestamp = 8.607
Seq_Frame0099_OTS_Data_Veri_1209Transform =0.648763 -0.760952 -0.00761207 -24.6968 0.760421 0.648632 -0.0321912 -139.666 0.0294334 0.0150961 0.999453 -5.74762 0 0 0 1 
Seq_Frame0099_OTS_Data_Veri_1209TransformStatus = OK
Seq_Frame0099_Timestamp = 8.629
Seq_Frame0100_OTS_Data_Veri_1209Transform =0.648763 -0.760952 -0.00761207 -24.6968 0.760421 0.648632 -0.0321912 -139.666 0.0294334 0.0150961 0.999453 -5.74762 0 0 0 1 
Seq_Frame0100_OTS_Data_Veri_1209TransformStatus = OK
Seq_Frame0100_Timestamp = 8.679
Seq_Frame0101_OTS_Data_Veri_1209Transform =0.648763 -0.760952 -0.00761207 -24.6968 0.760421 0.648632 -0.0321912 -139.666 0.0294334 0.0150961 0.999453 -5.74762 0 0 0 1 
Seq_Frame0101_OTS_Data_Veri_1209TransformStatus = OK
Seq_Frame0101_Timestamp = 8.716
Seq_Frame0102_OTS_Data_Veri_1209Transform =0.648763 -0.760952 -0.00761207 -24.6968 0.760421 0.648632 -0.0321912 -139.666 0.0294334 0.0150961 0.999453 -5.74762 0 0 0 1 
Seq_Frame0102_OTS_Data_Veri_1209TransformStatus = OK
Seq_Frame0102_Timestamp = 8.761
Seq_Frame0103_OTS_Data_Veri_1209Transform =0.648763 -0.760952 -0.00761207 -24.6968 0.760421 0.648632 -0.0321912 -139.666 0.0294334 0.0150961 0.999453 -5.74762 0 0 0 1 
Seq_Frame0103_OTS_Data_Veri_1209TransformStatus = OK
Seq_Frame0103_Timestamp = 9.102
Seq_Frame0104_OTS_Data_Veri_1209Transform =0.648763 -0.760952 -0.00761207 -24.6968 0.760421 0.648632 -0.0321912 -139.666 0.0294334 0.0150961 0.999453 -5.74762 0 0 0 1 
Seq_Frame0104_OTS_Data_Veri_1209TransformStatus = OK
Seq_Frame0104_Timestamp = 9.159
Seq_Frame0105_OTS_Data_Veri_1209Transform =0.648763 -0.760952 -0.00761207 -24.6968 0.760421 0.648632 -0.0321912 -139.666 0.0294334 0.0150961 0.999453 -5.74762 0 0 0 1 
Seq_Frame0105_OTS_Data_Veri_1209TransformStatus = OK
Seq_Frame0105_Timestamp = 9.221
Seq_Frame0106_OTS_Data_Veri_1209Transform =0.648763 -0.760952 -0.00761207 -24.6968 0.760421 0.648632 -0.0321912 -139.666 0.0294334 0.0150961 0.999453 -5.74762 0 0 0 1 
Seq_Frame0106_OTS_Data_Veri_1209TransformStatus = OK
Seq_Frame0106_Timestamp = 9.279
Seq_Frame0107_OTS_Data_Veri_1209Transform =0.648763 -0.760952 -0.00761207 -24.6968 0.760421 0.648632 -0.0321912 -139.666 0.0294334 0.0150961 0.999453 -5.74762 0 0 0 1 
Seq_Frame0107_OTS_Data_Veri_1209TransformStatus = OK
Seq_Frame0107_Timestamp = 9.313
Seq_Frame0108_OTS_Data_Veri_1209Transform =0.648763 -0.760952 -0.00761207 -24.6968 0.760421 0.648632 -0.0321912 -139.666 0.0294334 0.0150961 0.999453 -5.74762 0 0 0 1 
Seq_Frame0108_OTS_Data_Veri_1209TransformStatus = OK
Seq_Frame0108_Timestamp = 9.367
Seq_Frame0109_OTS_Data_Veri_1209Transform =0.648763 -0.760952 -0.00761207 -24.6968 0.760421 0.648632 -0.0321912 -139.666 0.0294334 0.0150961 0.999453 -5.74762 0 0 0 1 
Seq_Frame0109_OTS_Data_Veri_1209TransformStatus = OK
Seq_Frame0109_Timestamp = 9.425
Seq_Frame0110_OTS_Data_Veri_1209Transform =0.598935 -0.80076 -0.00778491 -18.7832 0.799727 0.598608 -0.0458805 -142.549 0.0413994 0.0212536 0.998917 -7.87011 0 0 0 1 
Seq_Frame0110_OTS_Data_Veri_1209TransformStatus = OK
Seq_Frame0110_Timestamp = 9.468
Seq_Frame0111_OTS_Data_Veri_1209Transform =0.598935 -0.80076 -0.00778491 -18.7832 0.799727 0.598608 -0.0458805 -142.549 0.0413994 0.0212536 0.998917 -7.87011 0 0 0 1 
Seq_Frame0111_OTS_Data_Veri_1209TransformStatus = OK
Seq_Frame0111_Timestamp = 9.525
Seq_Frame0112_OTS_Data_Veri_1209Transform =0.598935 -0.80076 -0.00778491 -18.7832 0.799727 0.598608 -0.0458805 -142.549 0.0413994 0.0212536 0.998917 -7.87011 0 0 0 1 
Seq_Frame0112_OTS_Data_Veri_1209TransformStatus = OK
Seq_Frame0112_Timestamp = 9.591
Seq_Frame0113_OTS_Data_Veri_1209Transform =0.600018 -0.799982 -0.00265499 -19.0758 0.799332 0.599658 -0.0384431 -142.785 0.0323459 0.0209443 0.999257 -6.72192 0 0 0 1 
Seq_Frame0113_OTS_Data_Veri_1209TransformStatus = OK
Seq_Frame0113_Timestamp = 9.615
Seq_Frame0114_OTS_Data_Veri_1209Transform =0.600018 -0.799982 -0.00265499 -19.0758 0.799332 0.599658 -0.0384431 -142.785 0.0323459 0.0209443 0.999257 -6.72192 0 0 0 1 
Seq_Frame0114_OTS_Data_Veri_1209TransformStatus = OK
Seq_Frame0114_Timestamp = 9.644
Seq_Frame0115_OTS_Data_Veri_1209Transform =0.600018 -0.799982 -0.00265499 -19.0758 0.799332 0.599658 -0.0384431 -142.785 0.0323459 0.0209443 0.999257 -6.72192 0 0 0 1 
Seq_Frame0115_OTS_Data_Veri_1209TransformStatus = OK
Seq_Frame0115_Timestamp = 9.693
Seq_Frame0116_OTS_Data_Veri_1209Transform =0.600018 -0.799982 -0.00265499 -19.0758 0.799332 0.599658 -0.0384431 -142.785 0.0323459 0.0209443 0.999257 -6.72192 0 0 0 1 
Seq_Frame0116_OTS_Data_Veri_1209TransformStatus = OK
Seq_Frame0116_Timestamp = 9.742
Seq_Frame0117_OTS_Data_Veri_1209Transform =0.600018 -0.799982 -0.00265499 -19.0758 0.799332 0.599658 -0.0384431 -142.785 0.0323459 0.0209443 0.999257 -6.72192 0 0 0 1 
Seq_Frame0117_OTS_Data_Veri_1209TransformStatus = OK
Seq_Frame0117_Timestamp = 9.793
Seq_Frame0118_OTS_Data_Veri_1209Transform =0.591569 -0.806241 -0.00461761 -17.871 0.805054 0.590991 -0.0511639 -143.071 0.0439794 0.0265495 0.99868 -8.15866 0 0 0 1 
Seq_Frame0118_OTS_Data_Veri_1209TransformStatus = OK
Seq_Frame0118_Timestamp = 9.836
Seq_Frame0119_OTS_Data_Veri_1209Transform =0.591569 -0.806241 -0.00461761 -17.871 0.805054 0.590991 -0.0511639 -143.071 0.0439794 0.0265495 0.99868 -8.15866 0 0 0 1 
Seq_Frame0119_OTS_Data_Veri_1209TransformStatus = OK
Seq_Frame0119_Timestamp = 9.892
Seq_Frame0120_OTS_Data_Veri_1209Transform =0.591569 -0.806241 -0.00461761 -17.871 0.805054 0.590991 -0.0511639 -143.071 0.0439794 0.0265495 0.99868 -8.15866 0 0 0 1 
Seq_Frame0120_OTS_Data_Veri_1209TransformStatus = OK
Seq_Frame0120_Timestamp = 9.913
Seq_Frame0121_OTS_Data_Veri_1209Transform =0.591569 -0.806241 -0.00461761 -17.871 0.805054 0.590991 -0.0511639 -143.071 0.0439794 0.0265495 0.99868 -8.15866 0 0 0 1 
Seq_Frame0121_OTS_Data_Veri_1209TransformStatus = OK
Seq_Frame0121_Timestamp = 9.962
Seq_Frame0122_OTS_Data_Veri_1209Transform =0.557939 -0.829854 -0.0068378 -14.1332 0.828732 0.55758 -0.0480457 -145.646 0.0436835 0.0211398 0.998822 -7.78258 0 0 0 1 
Seq_Frame0122_OTS_Data_Veri_1209TransformStatus = OK
Seq_Frame0122_Timestamp = 9.999
Seq_Frame0123_OTS_Data_Veri_1209Transform =0.557939 -0.829854 -0.0068378 -14.1332 0.828732 0.55758 -0.0480457 -145.646 0.0436835 0.0211398 0.998822 -7.78258 0 0 0 1 
Seq_Frame0123_OTS_Data_Veri_1209TransformStatus = OK
Seq_Frame0123_Timestamp = 10.065
Seq_Frame0124_OTS_Data_Veri_1209Transform =0.557939 -0.829854 -0.0068378 -14.1332 0.828732 0.55758 -0.0480457 -145.646 0.0436835 0.0211398 0.998822 -7.78258 0 0 0 1 
Seq_Frame0124_OTS_Data_Veri_1209TransformStatus = OK
Seq_Frame0124_Timestamp = 10.125
Seq_Frame0125_OTS_Data_Veri_1209Transform =0.529313 -0.848405 -0.00608454 -11.039 0.847192 0.528916 -0.0501445 -147.639 0.045761 0.0213874 0.998723 -8.05773 0 0 0 1 
Seq_Frame0125_OTS_Data_Veri_1209TransformStatus = OK
Seq_Frame0125_Timestamp = 10.164
Seq_Frame0126_OTS_Data_Veri_1209Transform =0.529313 -0.848405 -0.00608454 -11.039 0.847192 0.528916 -0.0501445 -147.639 0.045761 0.0213874 0.998723 -8.05773 0 0 0 1 
Seq_Frame0126_OTS_Data_Veri_1209TransformStatus = OK
Seq_Frame0126_Timestamp = 10.187
Seq_Frame0127_OTS_Data_Veri_1209Transform =0.529313 -0.848405 -0.00608454 -11.039 0.847192 0.528916 -0.0501445 -147.639 0.045761 0.0213874 0.998723 -8.05773 0 0 0 1 
Seq_Frame0127_OTS_Data_Veri_1209TransformStatus = OK
Seq_Frame0127_Timestamp = 10.249
Seq_Frame0128_OTS_Data_Veri_1209Transform =0.529313 -0.848405 -0.00608454 -11.039 0.847192 0.528916 -0.0501445 -147.639 0.045761 0.0213874 0.998723 -8.05773 0 0 0 1 
Seq_Frame0128_OTS_Data_Veri_1209TransformStatus = OK
Seq_Frame0128_Timestamp = 10.308
Seq_Frame0129_OTS_Data_Veri_1209Transform =0.529313 -0.848405 -0.00608454 -11.039 0.847192 0.528916 -0.0501445 -147.639 0.045761 0.0213874 0.998723 -8.05773 0 0 0 1 
Seq_Frame0129_OTS_Data_Veri_1209TransformStatus = OK
Seq_Frame0129_Timestamp = 10.329
Seq_Frame0130_OTS_Data_Veri_1209Transform =0.5233 -0.852082 -0.0105997 -10.3993 0.851163 0.523253 -0.0415652 -148.147 0.0409633 0.0127289 0.99908 -7.40841 0 0 0 1 
Seq_Frame0130_OTS_Data_Veri_1209TransformStatus = OK
Seq_Frame0130_Timestamp = 10.36
Seq_Frame0131_OTS_Data_Veri_1209Transform =0.5233 -0.852082 -0.0105997 -10.3993 0.851163 0.523253 -0.0415652 -148.147 0.0409633 0.0127289 0.99908 -7.40841 0 0 0 1 
Seq_Frame0131_OTS_Data_Veri_1209TransformStatus = OK
Seq_Frame0131_Timestamp = 10.432
Seq_Frame0132_OTS_Data_Veri_1209Transform =0.5233 -0.852082 -0.0105997 -10.3993 0.851163 0.523253 -0.0415652 -148.147 0.0409633 0.0127289 0.99908 -7.40841 0 0 0 1 
Seq_Frame0132_OTS_Data_Veri_1209TransformStatus = OK
Seq_Frame0132_Timestamp = 10.493
Seq_Frame0133_OTS_Data_Veri_1209Transform =0.531367 -0.847129 -0.00459794 -11.2499 0.845883 0.530866 -0.0516061 -147.543 0.0461579 0.0235325 0.998657 -7.95616 0 0 0 1 
Seq_Frame0133_OTS_Data_Veri_1209TransformStatus = OK
Seq_Frame0133_Timestamp = 10.515
Seq_Frame0134_OTS_Data_Veri_1209Transform =0.531367 -0.847129 -0.00459794 -11.2499 0.845883 0.530866 -0.0516061 -147.543 0.0461579 0.0235325 0.998657 -7.95616 0 0 0 1 
Seq_Frame0134_OTS_Data_Veri_1209TransformStatus = OK
Seq_Frame0134_Timestamp = 10.537
Seq_Frame0135_OTS_Data_Veri_1209Transform =0.531367 -0.847129 -0.00459794 -11.2499 0.845883 0.530866 -0.0516061 -147.543 0.0461579 0.0235325 0.998657 -7.95616 0 0 0 1 
Seq_Frame0135_OTS_Data_Veri_1209TransformStatus = OK
Seq_Frame0135_Timestamp = 10.592
Seq_Frame0136_OTS_Data_Veri_1209Transform =0.531367 -0.847129 -0.00459794 -11.2499 0.845883 0.530866 -0.0516061 -147.543 0.0461579 0.0235325 0.998657 -7.95616 0 0 0 1 
Seq_Frame0136_OTS_Data_Veri_1209TransformStatus = OK
Seq_Frame0136_Timestamp = 10.651
Seq_Frame0137_OTS_Data_Veri_1209Transform =0.531367 -0.847129 -0.00459794 -11.2499 0.845883 0.530866 -0.0516061 -147.543 0.0461579 0.0235325 0.998657 -7.95616 0 0 0 1 
Seq_Frame0137_OTS_Data_Veri_1209TransformStatus = OK
Seq_Frame0137_Timestamp = 10.709
Seq_Frame0138_OTS_Data_Veri_1209Transform =0.52607 -0.850441 -0.000214773 -10.7104 0.849269 0.525358 -0.0523564 -147.829 0.0446389 0.0273608 0.998628 -7.88312 0 0 0 1 
Seq_Frame0138_OTS_Data_Veri_1209TransformStatus = OK
Seq_Frame0138_Timestamp = 10.751
Seq_Frame0139_OTS_Data_Veri_1209Transform =0.52607 -0.850441 -0.000214773 -10.7104 0.849269 0.525358 -0.0523564 -147.829 0.0446389 0.0273608 0.998628 -7.88312 0 0 0 1 
Seq_Frame0139_OTS_Data_Veri_1209TransformStatus = OK
Seq_Frame0139_Timestamp = 10.808
Seq_Frame0140_OTS_Data_Veri_1209Transform =0.52607 -0.850441 -0.000214773 -10.7104 0.849269 0.525358 -0.0523564 -147.829 0.0446389 0.0273608 0.998628 -7.88312 0 0 0 1 
Seq_Frame0140_OTS_Data_Veri_1209TransformStatus = OK
Seq_Frame0140_Timestamp = 10.859
Seq_Frame0141_OTS_Data_Veri_1209Transform =0.520119 -0.854065 -0.00703506 -9.98084 0.853276 0.519963 -0.0394714 -148.35 0.0373691 0.014527 0.999196 -6.61207 0 0 0 1 
Seq_Frame0141_OTS_Data_Veri_1209TransformStatus = OK
Seq_Frame0141_Timestamp = 10.901
Seq_Frame0142_OTS_Data_Veri_1209Transform =0.520119 -0.854065 -0.00703506 -9.98084 0.853276 0.519963 -0.0394714 -148.35 0.0373691 0.014527 0.999196 -6.61207 0 0 0 1 
Seq_Frame0142_OTS_Data_Veri_1209TransformStatus = OK
Seq_Frame0142_Timestamp = 10.928
Seq_Frame0143_OTS_Data_Veri_1209Transform =0.520119 -0.854065 -0.00703506 -9.98084 0.853276 0.519963 -0.0394714 -148.35 0.0373691 0.014527 0.999196 -6.61207 0 0 0 1 
Seq_Frame0143_OTS_Data_Veri_1209TransformStatus = OK
Seq_Frame0143_Timestamp = 10.979
Seq_Frame0144_OTS_Data_Veri_1209Transform =0.520119 -0.854065 -0.00703506 -9.98084 0.853276 0.519963 -0.0394714 -148.35 0.0373691 0.014527 0.999196 -6.61207 0 0 0 1 
Seq_Frame0144_OTS_Data_Veri_1209TransformStatus = OK
Seq_Frame0144_Timestamp = 11.015
Seq_Frame0145_OTS_Data_Veri_1209Transform =0.509127 -0.860691 0.000861717 -9.0139 0.859214 0.508193 -0.0590843 -148.8 0.0504154 0.0308218 0.998253 -8.54128 0 0 0 1 
Seq_Frame0145_OTS_Data_Veri_1209TransformStatus = OK
Seq_Frame0145_Timestamp = 11.054
Seq_Frame0146_OTS_Data_Veri_1209Transform =0.509127 -0.860691 0.000861717 -9.0139 0.859214 0.508193 -0.0590843 -148.8 0.0504154 0.0308218 0.998253 -8.54128 0 0 0 1 
Seq_Frame0146_OTS_Data_Veri_1209TransformStatus = OK
Seq_Frame0146_Timestamp = 11.112
Seq_Frame0147_OTS_Data_Veri_1209Transform =0.509127 -0.860691 0.000861717 -9.0139 0.859214 0.508193 -0.0590843 -148.8 0.0504154 0.0308218 0.998253 -8.54128 0 0 0 1 
Seq_Frame0147_OTS_Data_Veri_1209TransformStatus = OK
Seq_Frame0147_Timestamp = 11.162
Seq_Frame0148_OTS_Data_Veri_1209Transform =0.509127 -0.860691 0.000861717 -9.0139 0.859214 0.508193 -0.0590843 -148.8 0.0504154 0.0308218 0.998253 -8.54128 0 0 0 1 
Seq_Frame0148_OTS_Data_Veri_1209TransformStatus = OK
Seq_Frame0148_Timestamp = 11.201
Seq_Frame0149_OTS_Data_Veri_1209Transform =0.494277 -0.869304 -0.000238188 -7.30067 0.868035 0.49357 -0.0538775 -149.778 0.0469535 0.0264237 0.998548 -8.09309 0 0 0 1 
Seq_Frame0149_OTS_Data_Veri_1209TransformStatus = OK
Seq_Frame0149_Timestamp = 11.237
Seq_Frame0150_OTS_Data_Veri_1209Transform =0.494277 -0.869304 -0.000238188 -7.30067 0.868035 0.49357 -0.0538775 -149.778 0.0469535 0.0264237 0.998548 -8.09309 0 0 0 1 
Seq_Frame0150_OTS_Data_Veri_1209TransformStatus = OK
Seq_Frame0150_Timestamp = 11.296
Seq_Frame0151_OTS_Data_Veri_1209Transform =0.494277 -0.869304 -0.000238188 -7.30067 0.868035 0.49357 -0.0538775 -149.778 0.0469535 0.0264237 0.998548 -8.09309 0 0 0 1 
Seq_Frame0151_OTS_Data_Veri_1209TransformStatus = OK
Seq_Frame0151_Timestamp = 11.359
Seq_Frame0152_OTS_Data_Veri_1209Transform =0.494277 -0.869304 -0.000238188 -7.30067 0.868035 0.49357 -0.0538775 -149.778 0.0469535 0.0264237 0.998548 -8.09309 0 0 0 1 
Seq_Frame0152_OTS_Data_Veri_1209TransformStatus = OK
Seq_Frame0152_Timestamp = 11.408
Seq_Frame0153_OTS_Data_Veri_1209Transform =0.490314 -0.871471 -0.0114357 -6.73191 0.870285 0.490268 -0.0473349 -149.938 0.0468575 0.0132567 0.998814 -7.61504 0 0 0 1 
Seq_Frame0153_OTS_Data_Veri_1209TransformStatus = OK
Seq_Frame0153_Timestamp = 11.436
Seq_Frame0154_OTS_Data_Veri_1209Transform =0.490314 -0.871471 -0.0114357 -6.73191 0.870285 0.490268 -0.0473349 -149.938 0.0468575 0.0132567 0.998814 -7.61504 0 0 0 1 
Seq_Frame0154_OTS_Data_Veri_1209TransformStatus = OK
Seq_Frame0154_Timestamp = 11.479
Seq_Frame0155_OTS_Data_Veri_1209Transform =0.490314 -0.871471 -0.0114357 -6.73191 0.870285 0.490268 -0.0473349 -149.938 0.0468575 0.0132567 0.998814 -7.61504 0 0 0 1 
Seq_Frame0155_OTS_Data_Veri_1209TransformStatus = OK
Seq_Frame0155_Timestamp = 11.529
Seq_Frame0156_OTS_Data_Veri_1209Transform =0.490314 -0.871471 -0.0114357 -6.73191 0.870285 0.490268 -0.0473349 -149.938 0.0468575 0.0132567 0.998814 -7.61504 0 0 0 1 
Seq_Frame0156_OTS_Data_Veri_1209TransformStatus = OK
Seq_Frame0156_Timestamp = 11.599
